11 1
28 1
35 1
49 1
64 1
81 1
83 1
86 1
92 1
104 1
108 1
136 1
144 1
159 1
170 1
187 1
194 1
200 1
202 1
215 1
238 1
252 1
255 1
263 1
269 2
2 3
269 3
2 4
3 4
3 5
2 6
3 6
4 6
5 6
269 6
2 8
3 8
6 8
2 9
3 9
6 9
8 9
2 10
3 10
6 10
8 10
9 10
269 10
2 11
3 11
6 11
8 11
9 11
10 11
269 11
2 12
3 12
4 12
6 12
8 12
9 12
10 12
11 12
2 13
3 13
4 13
6 13
8 13
9 13
10 13
11 13
12 13
269 13
2 14
3 14
4 14
5 14
6 14
8 14
9 14
10 14
11 14
12 14
13 14
269 14
2 15
3 15
4 15
5 15
6 15
8 15
9 15
10 15
11 15
12 15
13 15
14 15
269 15
2 16
3 16
4 16
6 16
8 16
10 16
12 16
13 16
14 16
2 17
3 17
6 17
8 17
9 17
10 17
11 17
12 17
13 17
14 17
15 17
16 17
269 17
2 18
3 18
4 18
6 18
8 18
10 18
11 18
12 18
13 18
14 18
15 18
17 18
269 18
2 19
3 19
6 19
8 19
9 19
10 19
11 19
12 19
13 19
14 19
15 19
17 19
18 19
269 19
2 20
3 20
6 20
8 20
9 20
10 20
11 20
12 20
13 20
14 20
15 20
16 20
17 20
18 20
2 21
3 21
6 21
8 21
9 21
10 21
11 21
12 21
13 21
14 21
15 21
17 21
18 21
19 21
269 21
6 22
10 22
11 22
17 22
18 22
19 22
2 23
49 23
62 23
75 23
228 23
234 23
384 23
2 24
3 24
4 24
6 24
8 24
9 24
10 24
11 24
12 24
13 24
14 24
15 24
17 24
18 24
19 24
20 24
21 24
22 24
145 24
269 24
2 25
6 25
8 25
15 25
18 25
20 25
2 26
3 26
4 26
6 26
8 26
9 26
10 26
11 26
12 26
13 26
14 26
15 26
16 26
17 26
18 26
19 26
20 26
21 26
24 26
145 26
269 26
2 27
3 27
6 27
8 27
9 27
10 27
11 27
12 27
13 27
14 27
15 27
16 27
17 27
18 27
19 27
20 27
21 27
22 27
24 27
26 27
145 27
269 27
2 28
3 28
4 28
5 28
6 28
7 28
8 28
9 28
10 28
11 28
12 28
13 28
14 28
15 28
16 28
17 28
18 28
19 28
20 28
21 28
22 28
24 28
25 28
26 28
27 28
145 28
269 28
2 29
3 29
4 29
5 29
6 29
7 29
8 29
9 29
10 29
11 29
12 29
13 29
14 29
15 29
16 29
17 29
18 29
19 29
20 29
21 29
24 29
25 29
26 29
27 29
28 29
145 29
269 29
2 30
3 30
6 30
12 30
13 30
17 30
18 30
28 30
29 30
6 31
17 31
22 31
28 31
2 32
3 32
6 32
8 32
10 32
12 32
13 32
14 32
15 32
17 32
18 32
24 32
26 32
27 32
28 32
29 32
2 33
3 33
4 33
5 33
6 33
8 33
9 33
10 33
11 33
12 33
13 33
14 33
15 33
16 33
17 33
18 33
19 33
20 33
21 33
24 33
25 33
26 33
27 33
28 33
29 33
32 33
145 33
2 34
3 34
6 34
8 34
10 34
11 34
12 34
13 34
15 34
16 34
17 34
19 34
24 34
26 34
27 34
28 34
29 34
2 35
3 35
4 35
5 35
6 35
8 35
9 35
10 35
11 35
12 35
13 35
14 35
15 35
16 35
17 35
18 35
19 35
20 35
21 35
24 35
25 35
26 35
27 35
28 35
29 35
31 35
32 35
33 35
34 35
145 35
269 35
3 36
6 36
9 36
18 36
25 36
28 36
29 36
33 36
2 37
3 37
4 37
6 37
8 37
9 37
10 37
11 37
12 37
13 37
14 37
15 37
17 37
18 37
19 37
21 37
24 37
26 37
27 37
28 37
29 37
31 37
32 37
33 37
34 37
35 37
145 37
269 37
2 38
3 38
4 38
5 38
6 38
8 38
9 38
10 38
11 38
12 38
13 38
14 38
15 38
16 38
17 38
18 38
19 38
20 38
21 38
24 38
25 38
26 38
27 38
28 38
29 38
32 38
33 38
35 38
37 38
145 38
2 39
3 39
4 39
6 39
7 39
12 39
27 39
28 39
29 39
35 39
2 40
3 40
4 40
6 40
8 40
9 40
10 40
11 40
12 40
13 40
14 40
15 40
17 40
18 40
19 40
20 40
21 40
24 40
25 40
26 40
27 40
28 40
29 40
30 40
32 40
33 40
35 40
36 40
37 40
38 40
145 40
269 40
2 41
3 41
4 41
6 41
9 41
11 41
12 41
15 41
16 41
17 41
18 41
19 41
20 41
21 41
22 41
24 41
25 41
26 41
28 41
29 41
30 41
31 41
32 41
33 41
35 41
36 41
38 41
39 41
40 41
145 41
2 42
3 42
4 42
5 42
6 42
8 42
10 42
11 42
12 42
14 42
15 42
17 42
18 42
19 42
20 42
24 42
26 42
27 42
28 42
29 42
31 42
32 42
33 42
34 42
35 42
37 42
38 42
41 42
145 42
269 42
3 43
6 43
10 43
13 43
15 43
17 43
18 43
19 43
27 43
28 43
29 43
32 43
33 43
35 43
37 43
38 43
41 43
42 43
145 43
2 44
3 44
4 44
6 44
11 44
13 44
17 44
18 44
19 44
21 44
26 44
27 44
28 44
29 44
35 44
39 44
41 44
42 44
43 44
145 44
2 45
3 45
6 45
8 45
9 45
10 45
12 45
13 45
15 45
17 45
19 45
20 45
21 45
24 45
26 45
27 45
28 45
29 45
33 45
35 45
37 45
39 45
40 45
41 45
42 45
145 45
2 46
3 46
6 46
8 46
9 46
10 46
11 46
12 46
13 46
14 46
15 46
16 46
17 46
19 46
20 46
21 46
24 46
26 46
27 46
28 46
29 46
34 46
35 46
37 46
39 46
41 46
42 46
43 46
44 46
45 46
145 46
2 47
3 47
6 47
11 47
13 47
14 47
17 47
18 47
19 47
21 47
26 47
27 47
28 47
35 47
41 47
42 47
14 48
19 48
63 48
137 48
200 48
234 48
241 48
344 48
353 48
367 48
538 48
2 49
3 49
6 49
8 49
9 49
10 49
11 49
13 49
16 49
17 49
18 49
19 49
20 49
21 49
24 49
26 49
27 49
28 49
29 49
32 49
33 49
37 49
41 49
42 49
44 49
45 49
46 49
47 49
83 49
269 49
2 50
6 50
9 50
12 50
19 50
27 50
28 50
29 50
35 50
41 50
42 50
46 50
6 51
17 51
18 51
42 51
6 52
9 52
11 52
12 52
13 52
14 52
17 52
18 52
19 52
24 52
27 52
28 52
29 52
34 52
35 52
39 52
41 52
42 52
44 52
46 52
49 52
50 52
51 52
83 52
145 52
269 52
373 52
2 54
3 54
6 54
11 54
12 54
17 54
18 54
24 54
27 54
28 54
29 54
42 54
44 54
49 54
83 54
3 55
4 55
6 55
28 55
33 55
38 55
41 55
56 55
62 55
63 55
64 55
66 55
75 55
78 55
86 55
98 55
101 55
111 55
135 55
139 55
143 55
144 55
146 55
150 55
153 55
154 55
155 55
159 55
161 55
301 55
3 56
8 56
13 56
18 56
20 56
22 56
24 56
26 56
27 56
28 56
33 56
35 56
38 56
40 56
41 56
47 56
49 56
52 56
269 56
373 56
538 56
3 57
4 57
6 57
15 57
16 57
18 57
20 57
28 57
29 57
33 57
35 57
38 57
40 57
41 57
42 57
56 57
373 57
11 58
17 58
21 58
24 58
26 58
28 58
35 58
42 58
269 58
2 59
3 59
6 59
8 59
9 59
10 59
11 59
12 59
13 59
14 59
15 59
17 59
18 59
19 59
21 59
24 59
26 59
27 59
28 59
29 59
30 59
33 59
34 59
35 59
36 59
37 59
38 59
40 59
41 59
42 59
43 59
54 59
56 59
145 59
373 59
114 60
125 60
142 60
149 60
151 60
163 60
2 61
3 61
6 61
8 61
9 61
10 61
11 61
12 61
13 61
14 61
15 61
16 61
17 61
18 61
19 61
24 61
26 61
27 61
28 61
29 61
33 61
34 61
35 61
36 61
37 61
38 61
40 61
41 61
42 61
49 61
56 61
57 61
59 61
184 61
373 61
12 62
16 62
18 62
21 62
26 62
28 62
29 62
33 62
37 62
42 62
44 62
45 62
46 62
49 62
52 62
57 62
59 62
61 62
145 62
184 62
373 62
538 62
2 63
6 63
9 63
11 63
13 63
17 63
19 63
24 63
28 63
29 63
30 63
31 63
37 63
59 63
61 63
83 63
269 63
373 63
538 63
2 64
11 64
13 64
14 64
16 64
17 64
21 64
39 64
41 64
45 64
49 64
56 64
62 64
63 64
83 64
182 64
269 64
373 64
4 65
6 65
10 65
12 65
13 65
15 65
16 65
19 65
21 65
29 65
35 65
40 65
41 65
46 65
47 65
49 65
56 65
61 65
62 65
67 65
68 65
77 65
78 65
81 65
184 65
373 65
3 66
6 66
10 66
14 66
15 66
17 66
19 66
24 66
37 66
38 66
41 66
46 66
50 66
59 66
63 66
83 66
145 66
10 67
13 67
15 67
17 67
18 67
25 67
26 67
27 67
33 67
34 67
37 67
38 67
42 67
49 67
54 67
57 67
59 67
62 67
182 67
2 68
4 68
13 68
14 68
17 68
21 68
22 68
24 68
26 68
31 68
35 68
37 68
40 68
47 68
49 68
59 68
63 68
64 68
67 68
83 68
184 68
373 68
2 69
3 69
6 69
8 69
11 69
17 69
19 69
24 69
26 69
27 69
29 69
34 69
41 69
42 69
61 69
63 69
64 69
66 69
2 70
3 70
6 70
8 70
10 70
11 70
12 70
15 70
17 70
18 70
19 70
20 70
25 70
27 70
28 70
29 70
33 70
35 70
37 70
38 70
40 70
41 70
42 70
49 70
56 70
59 70
61 70
62 70
63 70
64 70
67 70
184 70
373 70
3 71
6 71
11 71
18 71
20 71
21 71
24 71
28 71
30 71
42 71
43 71
44 71
45 71
59 71
69 71
70 71
373 71
2 72
6 72
8 72
10 72
11 72
13 72
15 72
17 72
19 72
21 72
26 72
27 72
29 72
33 72
35 72
40 72
42 72
45 72
46 72
59 72
61 72
71 72
83 72
182 72
373 72
2 73
4 73
11 73
14 73
19 73
20 73
32 73
35 73
45 73
49 73
52 73
57 73
61 73
67 73
70 73
83 73
182 73
269 73
17 74
18 74
27 74
52 74
66 74
68 74
83 74
145 74
3 75
9 75
24 75
26 75
29 75
30 75
37 75
39 75
40 75
42 75
44 75
57 75
66 75
70 75
73 75
83 75
3 76
11 76
19 76
24 76
27 76
28 76
29 76
37 76
40 76
41 76
42 76
49 76
56 76
61 76
68 76
72 76
73 76
78 76
81 76
90 76
373 76
2 77
3 77
6 77
11 77
12 77
13 77
15 77
17 77
18 77
19 77
21 77
24 77
27 77
28 77
29 77
32 77
33 77
38 77
40 77
41 77
42 77
49 77
56 77
64 77
66 77
67 77
73 77
75 77
184 77
3 78
9 78
16 78
18 78
28 78
31 78
33 78
39 78
46 78
47 78
63 78
64 78
73 78
538 78
12 79
20 79
28 79
62 79
66 79
538 79
2 80
3 80
6 80
10 80
11 80
12 80
13 80
15 80
17 80
18 80
21 80
24 80
26 80
28 80
29 80
33 80
37 80
40 80
41 80
42 80
49 80
56 80
62 80
63 80
64 80
66 80
67 80
73 80
78 80
83 80
373 80
14 81
15 81
17 81
19 81
20 81
22 81
30 81
58 81
64 81
66 81
69 81
72 81
73 81
29 82
81 82
2 83
3 83
4 83
6 83
8 83
9 83
10 83
11 83
12 83
13 83
14 83
15 83
16 83
17 83
18 83
19 83
21 83
24 83
26 83
27 83
28 83
29 83
33 83
34 83
35 83
37 83
38 83
40 83
41 83
42 83
43 83
44 83
46 83
145 83
269 83
17 84
19 84
24 84
27 84
42 84
52 84
66 84
71 84
81 84
3 85
6 85
10 85
12 85
14 85
15 85
16 85
18 85
20 85
27 85
28 85
29 85
33 85
35 85
36 85
37 85
38 85
40 85
41 85
42 85
49 85
56 85
57 85
61 85
62 85
63 85
64 85
66 85
67 85
70 85
75 85
83 85
184 85
373 85
4 86
25 86
30 86
33 86
38 86
40 86
43 86
56 86
64 86
66 86
70 86
182 86
184 86
2 87
3 87
11 87
15 87
21 87
24 87
26 87
27 87
29 87
35 87
40 87
42 87
49 87
56 87
64 87
66 87
67 87
73 87
75 87
77 87
78 87
145 87
8 88
13 88
14 88
20 88
21 88
33 88
38 88
41 88
43 88
62 88
66 88
70 88
72 88
78 88
86 88
182 88
2 89
4 89
6 89
10 89
11 89
14 89
17 89
19 89
27 89
28 89
37 89
41 89
42 89
44 89
46 89
49 89
56 89
62 89
63 89
66 89
67 89
68 89
71 89
72 89
73 89
75 89
83 89
88 89
269 89
373 89
15 90
17 90
27 90
29 90
38 90
40 90
43 90
54 90
63 90
69 90
70 90
80 90
439 91
16 92
18 92
19 92
22 92
45 92
52 92
54 92
61 92
86 92
88 92
90 92
373 92
9 93
12 93
28 93
29 93
41 93
64 93
67 93
2 94
6 94
8 94
11 94
12 94
14 94
17 94
18 94
20 94
27 94
28 94
29 94
34 94
37 94
40 94
41 94
42 94
52 94
56 94
59 94
63 94
64 94
66 94
67 94
68 94
71 94
72 94
73 94
78 94
81 94
86 94
90 94
92 94
373 94
8 95
13 95
17 95
18 95
20 95
24 95
27 95
38 95
41 95
43 95
49 95
56 95
71 95
75 95
78 95
87 95
90 95
9 96
11 96
13 96
26 96
28 96
38 96
40 96
41 96
42 96
46 96
49 96
59 96
64 96
66 96
67 96
68 96
77 96
81 96
88 96
145 96
184 96
12 97
14 97
20 97
28 97
29 97
46 97
52 97
62 97
81 97
86 97
95 97
11 98
15 98
26 98
30 98
31 98
58 98
72 98
75 98
89 98
145 98
14 99
20 99
24 99
46 99
50 99
58 99
63 99
64 99
66 99
76 99
95 99
3 100
6 100
10 100
11 100
13 100
14 100
17 100
18 100
19 100
26 100
28 100
29 100
40 100
41 100
42 100
49 100
52 100
56 100
61 100
63 100
64 100
68 100
72 100
73 100
78 100
81 100
88 100
89 100
90 100
92 100
98 100
99 100
10 101
19 101
25 101
46 101
56 101
61 101
71 101
72 101
78 101
184 101
21 102
28 102
40 102
41 102
46 102
62 102
73 102
90 102
98 102
101 102
182 102
184 102
269 102
11 103
22 103
29 103
38 103
43 103
46 103
63 103
72 103
83 103
90 103
99 103
145 103
13 104
15 104
18 104
19 104
28 104
37 104
56 104
57 104
63 104
66 104
89 104
92 104
98 104
101 104
102 104
145 104
184 104
9 105
11 105
12 105
35 105
40 105
41 105
42 105
67 105
72 105
78 105
81 105
86 105
90 105
99 105
103 105
269 105
373 105
10 107
12 107
15 107
17 107
20 107
21 107
24 107
25 107
29 107
35 107
40 107
41 107
49 107
56 107
63 107
66 107
81 107
86 107
87 107
101 107
3 108
8 108
14 108
21 108
33 108
38 108
46 108
63 108
66 108
71 108
98 108
101 108
3 109
6 109
15 109
18 109
20 109
25 109
28 109
29 109
33 109
38 109
41 109
42 109
56 109
59 109
63 109
64 109
67 109
70 109
71 109
75 109
78 109
86 109
87 109
90 109
92 109
98 109
99 109
101 109
184 109
373 109
3 110
11 110
19 110
28 110
31 110
32 110
66 110
87 110
89 110
92 110
8 111
22 111
24 111
33 111
41 111
66 111
83 111
89 111
95 111
98 111
11 112
18 112
29 112
41 112
56 112
81 112
90 112
98 112
99 112
111 112
9 113
10 113
12 113
27 113
34 113
61 113
72 113
73 113
86 113
95 113
105 113
108 113
111 113
184 113
16 114
17 114
19 114
21 114
27 114
29 114
44 114
52 114
56 114
62 114
68 114
89 114
90 114
101 114
111 114
9 115
10 115
19 115
41 115
44 115
63 115
78 115
85 115
104 115
113 115
184 115
3 116
12 116
13 116
14 116
19 116
27 116
28 116
35 116
38 116
41 116
42 116
62 116
67 116
81 116
86 116
88 116
96 116
99 116
102 116
105 116
111 116
184 116
10 117
12 117
28 117
29 117
35 117
42 117
44 117
46 117
62 117
64 117
66 117
86 117
102 117
105 117
108 117
110 117
113 117
145 117
2 118
6 118
13 118
17 118
19 118
28 118
29 118
35 118
63 118
87 118
95 118
98 118
110 118
114 118
13 119
37 119
40 119
71 119
72 119
78 119
92 119
96 119
99 119
103 119
111 119
115 119
12 120
52 120
63 120
66 120
68 120
80 120
86 120
90 120
92 120
99 120
111 120
121 120
135 120
136 120
180 120
194 120
2 121
8 121
18 121
22 121
28 121
35 121
42 121
44 121
52 121
56 121
64 121
66 121
68 121
75 121
83 121
84 121
103 121
108 121
111 121
113 121
117 121
3 122
13 122
26 122
28 122
34 122
46 122
62 122
66 122
67 122
68 122
87 122
109 122
184 122
117 123
142 123
202 123
371 123
8 124
12 124
17 124
24 124
26 124
28 124
33 124
35 124
41 124
63 124
68 124
85 124
105 124
110 124
184 124
373 124
3 125
6 125
29 125
42 125
49 125
65 125
66 125
69 125
75 125
113 125
121 125
72 126
98 126
144 126
224 126
28 127
41 127
42 127
56 127
64 127
78 127
98 127
111 127
44 128
81 128
160 128
178 128
384 128
6 129
11 129
15 129
24 129
41 129
87 129
105 129
115 129
125 129
184 129
373 129
12 130
13 130
40 130
64 130
92 130
98 130
99 130
110 130
190 130
201 130
203 130
252 130
257 130
287 130
327 130
357 130
382 130
6 131
13 131
15 131
17 131
40 131
43 131
49 131
63 131
66 131
67 131
71 131
75 131
78 131
86 131
88 131
98 131
101 131
108 131
110 131
129 131
145 131
269 131
6 132
22 132
41 132
46 132
62 132
75 132
90 132
98 132
105 132
108 132
3 133
13 133
19 133
52 133
68 133
71 133
113 133
119 133
122 133
124 133
373 133
384 133
2 134
8 134
12 134
13 134
17 134
26 134
35 134
41 134
46 134
64 134
66 134
73 134
88 134
90 134
99 134
102 134
103 134
111 134
115 134
125 134
129 134
3 135
38 135
73 135
94 135
125 135
145 135
182 135
384 135
10 136
24 136
28 136
42 136
44 136
52 136
64 136
65 136
87 136
101 136
108 136
114 136
115 136
117 136
121 136
129 136
384 136
15 137
28 137
46 137
56 137
78 137
113 137
118 137
20 138
33 138
61 138
67 138
92 138
105 138
108 138
113 138
121 138
6 139
21 139
28 139
80 139
108 139
132 139
237 139
373 139
37 140
69 140
71 140
76 140
118 140
138 140
201 140
13 141
22 141
29 141
68 141
92 141
105 141
121 141
384 141
5 142
30 142
37 142
45 142
67 142
105 142
108 142
538 142
2 143
6 143
24 143
40 143
70 143
85 143
88 143
140 143
28 144
38 144
56 144
73 144
95 144
111 144
373 144
2 145
3 145
6 145
8 145
9 145
10 145
11 145
12 145
13 145
15 145
17 145
18 145
19 145
20 145
21 145
269 145
13 146
27 146
38 146
98 146
101 146
105 146
135 146
201 146
2 147
3 147
6 147
28 147
29 147
40 147
42 147
49 147
56 147
62 147
64 147
68 147
73 147
75 147
81 147
86 147
92 147
96 147
98 147
110 147
118 147
122 147
136 147
139 147
140 147
144 147
145 147
184 147
17 148
41 148
62 148
68 148
72 148
141 148
142 148
19 149
25 149
40 149
56 149
61 149
66 149
98 149
29 150
50 150
52 150
63 150
75 150
110 150
125 150
129 150
135 150
148 150
22 151
61 151
89 151
94 151
111 151
118 151
143 151
269 151
9 152
15 152
28 152
37 152
40 152
49 152
68 152
121 152
132 152
141 152
142 152
3 153
9 153
13 153
36 153
81 153
86 153
103 153
8 154
15 154
16 154
29 154
38 154
40 154
61 154
66 154
90 154
95 154
98 154
115 154
146 154
148 154
184 154
8 155
24 155
64 155
114 155
140 155
146 155
3 156
34 156
59 156
67 156
78 156
81 156
103 156
115 156
25 157
28 157
46 157
75 157
111 157
145 157
148 157
43 158
59 158
67 158
92 158
99 158
119 158
132 158
133 158
146 158
32 159
67 159
85 159
110 159
134 159
142 159
153 159
18 160
49 160
67 160
96 160
119 160
125 160
269 160
16 161
44 161
81 161
87 161
140 161
373 161
115 162
4 163
49 163
66 163
105 163
114 163
149 163
373 163
13 164
35 164
42 164
64 164
65 164
67 164
68 164
78 164
87 164
88 164
98 164
119 164
141 164
149 164
155 164
184 164
15 165
17 165
21 165
66 165
150 165
155 165
161 165
3 166
28 166
34 166
38 166
42 166
62 166
64 166
78 166
84 166
103 166
115 166
122 166
132 166
141 166
148 166
155 166
9 167
15 167
17 167
33 167
40 167
71 167
72 167
75 167
95 167
99 167
137 167
159 167
24 168
38 168
40 168
121 168
147 168
182 168
3 169
19 169
29 169
36 169
40 169
61 169
63 169
64 169
108 169
109 169
138 169
140 169
144 169
149 169
151 169
156 169
201 169
9 170
19 170
94 170
104 170
144 170
35 171
121 171
133 171
135 171
203 171
227 171
256 171
267 171
413 171
35 172
39 172
78 172
96 172
147 172
150 172
57 173
67 173
70 173
102 173
113 173
129 173
151 173
172 173
75 174
105 174
156 174
163 174
269 174
396 174
9 175
21 175
29 175
98 175
101 175
102 175
142 175
151 175
163 175
172 175
373 175
5 176
28 176
29 176
41 176
49 176
78 176
81 176
98 176
101 176
104 176
111 176
139 176
143 176
170 176
4 177
28 177
29 177
35 177
41 177
49 177
78 177
81 177
98 177
101 177
111 177
139 177
142 177
143 177
150 177
155 177
161 177
163 177
170 177
176 177
373 177
27 178
47 178
71 178
98 178
115 178
134 178
167 178
170 179
26 180
99 180
102 180
124 180
173 180
269 180
19 181
21 181
83 181
138 181
384 181
2 182
3 182
6 182
9 182
10 182
12 182
13 182
15 182
17 182
19 182
21 182
24 182
26 182
27 182
28 182
29 182
33 182
37 182
40 182
42 182
45 182
49 182
145 182
373 182
83 183
101 183
118 183
127 183
150 183
170 183
2 184
3 184
4 184
6 184
8 184
10 184
11 184
12 184
13 184
15 184
16 184
17 184
18 184
20 184
24 184
25 184
26 184
28 184
29 184
30 184
32 184
33 184
35 184
37 184
38 184
40 184
41 184
42 184
49 184
56 184
57 184
59 184
145 184
373 184
62 185
88 185
225 185
13 186
19 186
37 186
60 186
86 186
140 186
143 186
165 186
28 187
37 187
61 187
125 187
135 187
396 187
17 188
59 188
90 188
92 188
125 188
141 188
172 188
174 188
2 189
28 189
113 189
135 189
138 189
12 190
255 190
10 191
26 191
103 191
132 191
269 191
506 191
43 192
125 192
143 192
301 192
3 193
15 193
37 193
41 193
64 193
71 193
75 193
81 193
86 193
101 193
103 193
105 193
113 193
132 193
144 193
145 193
150 193
155 193
158 193
181 193
63 194
83 194
118 194
174 194
373 194
6 195
10 195
17 195
29 195
35 195
39 195
42 195
44 195
64 195
66 195
86 195
89 195
98 195
99 195
101 195
108 195
114 195
129 195
132 195
136 195
139 195
141 195
155 195
170 195
172 195
180 195
187 195
194 195
12 196
15 196
29 196
33 196
56 196
59 196
61 196
63 196
86 196
90 196
92 196
101 196
109 196
138 196
143 196
149 196
154 196
156 196
159 196
161 196
78 197
99 197
125 197
132 197
138 197
145 197
161 197
373 197
12 198
42 198
49 198
95 198
99 198
102 198
115 198
181 198
2 199
33 199
37 199
43 199
103 199
105 199
113 199
157 199
165 199
38 200
105 200
122 200
146 200
15 201
28 201
37 201
38 201
40 201
41 201
63 201
64 201
66 201
72 201
78 201
81 201
86 201
90 201
99 201
107 201
108 201
118 201
39 202
67 202
109 202
141 202
11 203
14 203
40 203
92 203
27 204
28 204
29 204
78 204
81 204
90 204
92 204
98 204
103 204
108 204
111 204
121 204
122 204
125 204
140 204
143 204
170 204
174 204
180 204
189 204
202 204
203 204
301 204
33 205
35 205
72 205
108 205
142 205
155 205
3 206
12 206
19 206
27 206
28 206
46 206
56 206
73 206
86 206
99 206
101 206
115 206
137 206
142 206
170 206
181 206
192 206
200 206
205 206
384 206
2 207
34 207
131 207
149 207
189 207
198 207
11 208
38 208
83 208
102 208
158 208
189 208
6 209
15 209
19 209
88 209
98 209
199 209
202 209
12 210
18 210
26 210
28 210
35 210
81 210
137 210
138 210
163 210
170 210
178 210
189 210
205 210
30 211
54 211
60 211
107 211
142 211
143 211
156 211
5 212
110 212
139 212
172 212
189 212
4 213
42 213
59 213
151 213
194 213
8 214
43 214
121 214
141 214
10 215
55 215
56 215
101 215
125 215
191 215
99 216
104 216
170 216
186 216
8 217
19 217
64 217
110 217
111 217
139 217
161 217
202 217
5 218
42 218
49 218
63 218
66 218
78 218
108 218
111 218
114 218
125 218
138 218
151 218
165 218
170 218
173 218
181 218
183 218
194 218
203 218
209 218
3 219
6 219
15 219
28 219
33 219
35 219
38 219
41 219
42 219
43 219
56 219
59 219
63 219
64 219
66 219
68 219
78 219
86 219
98 219
29 220
46 220
102 220
111 220
183 220
207 220
384 220
4 221
6 221
28 221
41 221
62 221
63 221
64 221
66 221
67 221
71 221
73 221
78 221
81 221
98 221
99 221
101 221
111 221
139 221
143 221
144 221
153 221
155 221
170 221
187 221
192 221
197 221
202 221
301 221
373 221
6 222
14 222
18 222
28 222
33 222
35 222
41 222
63 222
67 222
78 222
92 222
98 222
99 222
108 222
118 222
124 222
139 222
141 222
144 222
149 222
161 222
170 222
183 222
192 222
203 222
213 222
216 222
99 223
117 223
125 223
163 223
384 223
2 224
10 224
64 224
87 224
202 224
38 225
56 225
62 225
67 225
133 225
13 226
24 226
52 226
67 226
78 226
83 226
92 226
98 226
118 226
135 226
161 226
113 227
119 227
187 227
197 227
3 228
136 228
166 228
198 228
225 228
21 229
118 229
138 229
187 229
205 229
22 230
27 230
37 230
40 230
63 230
66 230
90 230
92 230
110 230
137 230
139 230
148 230
149 230
151 230
170 230
201 230
301 230
10 231
29 231
41 231
98 231
114 231
119 231
172 231
44 232
142 232
158 232
216 232
2 233
27 233
29 233
35 233
49 233
62 233
75 233
81 233
86 233
92 233
99 233
132 233
135 233
138 233
144 233
187 233
194 233
199 233
203 233
211 233
227 233
41 234
95 234
201 234
92 235
111 235
142 235
181 235
59 236
170 236
224 236
228 236
2 237
9 237
14 237
15 237
17 237
28 237
42 237
52 237
73 237
78 237
80 237
88 237
92 237
99 237
114 237
145 237
92 238
156 238
158 238
198 238
4 239
11 239
47 239
147 239
27 240
28 240
66 240
68 240
81 240
90 240
92 240
99 240
103 240
110 240
111 240
125 240
126 240
128 240
135 240
140 240
141 240
151 240
172 240
180 240
189 240
200 240
204 240
216 240
225 240
227 240
228 240
232 240
34 241
43 241
52 241
90 241
160 241
4 242
27 242
41 242
183 242
194 242
227 242
45 243
61 243
83 243
56 244
90 244
157 244
172 244
75 245
78 245
153 245
158 245
163 245
187 245
192 245
227 245
301 245
90 246
110 246
181 246
251 247
3 248
28 248
56 248
64 248
78 248
86 248
141 248
143 248
168 248
170 248
192 248
373 248
6 249
11 249
14 249
65 249
108 249
114 249
139 249
151 249
216 249
235 249
25 250
151 250
181 250
19 251
208 251
396 251
80 252
127 252
235 252
165 253
201 253
209 253
14 254
66 254
98 254
73 255
105 255
214 255
41 256
88 256
158 256
186 256
138 257
213 257
244 257
252 257
24 258
37 258
66 258
138 258
146 258
229 258
373 258
68 259
112 259
114 259
140 259
165 259
174 259
214 259
232 259
246 259
43 260
59 260
71 260
73 260
110 260
148 260
153 260
194 260
232 260
42 261
98 261
102 261
140 261
144 261
174 261
232 261
234 261
257 261
17 262
29 262
66 262
75 262
85 262
99 262
120 262
161 262
168 262
192 262
215 262
234 262
239 262
242 262
18 263
41 263
60 263
72 263
73 263
132 263
202 263
214 263
215 263
242 263
251 263
506 263
45 264
70 264
135 264
20 265
25 265
29 265
63 265
75 265
86 265
90 265
101 265
138 265
144 265
154 265
188 265
196 265
251 265
301 265
4 266
67 266
70 266
199 266
11 267
13 267
18 267
29 267
35 267
44 267
56 267
62 267
75 267
81 267
86 267
90 267
99 267
120 267
132 267
135 267
136 267
138 267
139 267
140 267
172 267
180 267
181 267
188 267
197 267
203 267
215 267
227 267
242 267
253 267
14 268
42 268
124 268
103 270
128 270
223 270
257 270
15 271
19 271
146 271
208 271
235 271
285 272
4 273
6 273
28 273
41 273
81 273
86 273
99 273
101 273
111 273
135 273
155 273
163 273
170 273
188 273
220 273
252 273
254 273
301 273
373 273
11 274
198 274
266 274
45 275
64 275
98 275
124 275
146 275
153 275
174 275
211 275
216 275
224 275
268 275
6 276
12 276
28 276
29 276
35 276
66 276
81 276
86 276
95 276
98 276
99 276
119 276
128 276
135 276
142 276
149 276
155 276
170 276
200 276
250 276
252 276
255 276
256 276
266 276
145 277
160 277
209 277
232 277
506 277
20 278
128 278
38 279
150 279
165 279
43 280
72 280
150 280
135 281
234 281
10 282
125 282
227 282
263 282
19 283
28 283
29 283
42 283
56 283
71 283
111 283
236 283
256 283
268 283
35 284
98 284
119 284
234 284
243 284
246 284
268 284
2 285
13 285
68 285
88 285
101 285
250 285
73 286
81 286
135 286
192 286
224 286
234 286
201 287
301 287
56 288
170 288
174 288
180 288
232 288
299 288
403 288
436 288
473 288
2 289
125 289
270 289
30 290
60 290
85 290
175 290
11 291
49 291
77 291
24 292
59 292
105 292
128 292
132 292
149 292
200 292
223 292
243 292
36 293
38 293
226 293
139 294
174 294
234 294
315 295
321 295
75 296
115 296
301 296
196 297
236 297
398 297
21 298
56 298
139 298
116 299
238 299
42 300
157 300
161 300
244 300
271 300
6 301
14 301
31 301
36 301
81 301
116 301
122 301
139 301
49 302
83 302
215 302
229 302
8 303
20 303
56 303
64 303
78 303
92 303
98 303
104 303
118 303
137 303
140 303
142 303
161 303
170 303
192 303
212 303
227 303
234 303
238 303
252 303
253 303
254 303
280 303
287 303
291 303
373 303
9 304
13 304
29 304
64 304
90 304
99 304
101 304
110 304
133 304
144 304
165 304
212 304
287 304
29 305
94 305
134 306
216 306
71 307
254 307
40 308
44 308
68 308
100 309
137 309
231 309
86 310
266 310
289 310
144 311
169 311
236 311
102 312
287 312
11 313
38 313
170 313
198 313
279 313
34 314
105 314
384 314
18 315
102 315
413 315
3 316
42 316
67 316
133 316
173 316
386 316
520 316
6 317
13 317
86 317
141 317
170 317
187 317
189 317
227 317
238 317
18 318
66 318
98 318
170 318
282 318
538 318
197 319
251 319
103 320
122 320
198 320
13 321
96 321
250 321
72 322
131 322
175 322
4 323
110 323
302 323
44 324
194 324
301 324
33 325
160 325
334 326
382 326
28 327
95 327
137 327
246 327
250 327
373 327
101 328
116 328
264 328
291 328
103 329
164 329
187 329
224 329
110 330
128 330
246 330
289 330
66 331
170 331
181 331
203 331
211 331
264 331
268 331
312 331
146 332
165 332
315 332
97 333
250 333
263 333
279 334
325 334
115 335
294 335
129 336
137 336
202 336
299 336
319 336
69 337
313 337
16 338
26 338
62 338
137 338
170 338
192 338
252 338
287 338
335 338
373 338
137 339
373 339
85 340
110 340
279 340
63 341
126 341
150 341
212 341
44 342
81 342
253 342
290 342
373 342
2 343
362 343
461 343
491 343
505 343
266 344
292 344
88 345
225 345
289 345
10 346
29 346
42 346
66 346
88 346
140 346
145 346
202 346
238 346
509 346
4 347
224 347
258 347
6 348
18 348
67 348
78 348
264 348
340 348
160 349
203 349
293 349
44 350
86 350
98 350
121 350
129 350
136 350
139 350
155 350
180 350
188 350
190 350
203 350
204 350
209 350
215 350
227 350
267 350
277 350
296 350
315 350
332 350
81 351
268 351
323 351
207 352
301 352
302 352
211 353
286 353
186 354
385 354
10 355
28 355
141 355
192 355
225 355
254 355
37 356
175 356
89 357
148 357
6 358
10 358
28 358
41 358
71 358
78 358
90 358
98 358
137 358
143 358
202 358
207 358
211 358
252 358
255 358
268 358
287 358
301 358
324 358
513 358
61 359
68 359
285 359
65 360
215 360
236 360
65 361
257 361
269 361
238 362
335 362
185 363
244 363
314 363
46 364
279 364
211 365
223 365
132 366
184 366
71 367
117 367
181 367
186 367
345 367
37 368
226 368
71 369
279 369
287 369
71 370
182 370
366 370
231 371
319 371
156 372
180 372
297 372
2 373
4 373
5 373
6 373
8 373
9 373
10 373
11 373
13 373
15 373
17 373
18 373
19 373
20 373
21 373
25 373
26 373
28 373
29 373
32 373
33 373
34 373
35 373
36 373
37 373
40 373
41 373
45 373
83 373
145 373
38 374
183 374
4 375
372 375
12 376
83 376
279 376
31 377
214 377
238 377
173 378
310 378
161 379
194 379
274 380
17 381
144 381
297 381
134 382
259 382
5 383
140 383
251 383
307 383
366 383
373 383
380 383
17 384
38 384
43 384
49 384
62 384
68 384
71 384
92 384
98 384
107 384
118 384
373 384
29 385
78 385
138 385
104 386
125 386
6 387
18 387
125 387
202 387
264 387
323 387
366 387
42 388
202 388
238 388
141 389
239 389
334 389
16 390
80 390
332 390
334 390
236 391
372 391
157 392
167 392
19 393
59 393
512 394
95 395
381 395
10 396
15 396
25 396
27 396
28 396
33 396
41 396
42 396
66 396
70 396
116 396
132 396
161 396
301 396
60 397
290 397
385 397
13 398
19 398
29 398
34 398
35 398
41 398
42 398
46 398
64 398
66 398
71 398
78 398
81 398
88 398
90 398
98 398
103 398
108 398
111 398
113 398
114 398
115 398
125 398
129 398
132 398
141 398
148 398
150 398
151 398
152 398
155 398
166 398
170 398
172 398
6 399
10 399
28 399
38 399
42 399
71 399
92 399
98 399
140 399
170 399
190 399
202 399
223 399
227 399
232 399
246 399
253 399
299 399
308 399
311 399
353 399
365 399
368 399
378 399
379 399
382 399
413 399
92 400
134 400
185 401
313 401
180 402
258 402
114 403
335 404
401 404
88 405
344 405
43 406
159 406
275 407
319 407
102 408
309 408
14 409
308 409
140 410
181 410
60 411
98 411
170 411
352 411
88 412
135 412
139 412
337 412
373 412
126 413
170 413
199 413
489 414
208 415
301 415
37 416
56 416
124 416
357 416
520 416
30 417
81 417
104 417
135 417
144 417
192 417
344 417
98 418
172 418
289 418
310 418
336 418
6 419
42 419
56 419
63 419
98 419
104 419
115 419
143 419
144 419
154 419
170 419
192 419
203 419
212 419
251 419
265 419
373 419
374 419
380 419
382 419
385 419
409 419
35 420
64 420
291 420
324 420
132 421
239 421
187 422
360 422
42 423
78 423
135 423
149 423
163 423
216 423
244 423
253 423
271 423
11 424
19 424
29 424
41 424
81 424
90 424
110 424
137 424
141 424
170 424
203 424
216 424
235 424
239 424
250 424
289 424
353 424
513 424
151 425
392 425
23 426
49 426
92 426
12 427
63 427
159 427
251 427
332 427
205 428
356 428
204 429
28 430
351 430
137 431
255 431
402 432
10 433
35 433
380 433
185 434
244 434
6 435
227 435
257 435
239 436
308 436
176 437
8 438
142 438
37 439
135 439
357 439
245 440
229 441
179 442
323 442
404 443
415 443
236 444
152 445
155 445
234 446
379 446
369 447
3 448
255 448
157 449
13 450
32 451
365 451
280 452
447 453
191 454
374 454
73 455
333 455
110 456
152 456
242 456
146 457
285 457
407 457
155 458
37 459
104 459
115 460
103 461
27 462
28 462
52 462
81 462
86 462
92 462
98 462
114 462
132 462
144 462
170 462
172 462
179 462
190 462
194 462
203 462
209 462
215 462
227 462
250 462
252 462
282 462
332 462
353 462
364 462
382 462
395 462
407 462
413 462
420 462
429 462
431 462
339 463
445 463
447 464
95 465
168 465
225 465
309 465
319 465
356 465
85 466
327 466
352 467
148 468
160 468
17 469
35 469
65 469
81 469
83 469
273 469
344 469
352 469
461 469
12 470
20 470
67 470
78 470
92 470
130 470
174 470
187 470
251 470
319 470
326 470
368 470
429 470
440 470
11 471
29 471
35 471
78 471
81 471
99 471
108 471
123 471
137 471
144 471
179 471
180 471
202 471
203 471
209 471
215 471
227 471
234 471
244 471
252 471
274 471
277 471
287 471
289 471
319 471
332 471
353 471
359 471
364 471
366 471
402 471
457 471
498 471
519 471
534 471
37 472
163 472
243 473
434 473
168 474
329 475
85 476
382 476
159 477
6 478
27 478
86 478
108 478
190 478
232 478
403 478
407 478
440 478
10 479
12 479
28 479
29 479
41 479
63 479
64 479
78 479
92 479
98 479
99 479
143 479
192 479
202 479
287 479
299 479
315 479
356 479
366 479
374 479
447 479
461 479
530 479
357 480
520 481
165 482
344 482
371 482
2 483
455 483
468 483
66 484
98 484
161 484
214 484
254 484
287 484
312 484
335 484
362 484
464 484
481 484
101 485
322 486
119 487
386 487
298 488
98 489
253 490
449 490
402 491
167 492
238 493
323 493
98 494
170 494
205 494
255 494
299 494
337 494
354 494
374 494
380 494
387 494
395 494
426 494
439 494
450 494
460 494
481 494
486 494
490 494
88 495
149 496
455 496
39 497
157 497
332 497
520 498
469 499
122 500
278 500
143 501
200 501
492 501
66 502
237 503
271 504
362 505
14 506
22 506
140 506
158 506
174 506
180 506
384 506
3 507
6 507
18 507
63 507
68 507
128 507
170 507
202 507
208 507
278 507
380 507
391 507
421 507
360 508
59 509
144 509
168 509
271 509
67 510
352 510
449 510
26 511
63 511
64 511
101 511
187 511
190 511
407 511
151 512
128 513
321 513
194 514
506 514
99 515
59 516
75 516
143 516
145 516
246 516
280 516
140 517
155 517
319 517
360 517
432 517
460 517
512 517
228 518
345 518
239 519
297 520
378 520
191 521
230 521
334 522
258 523
490 523
86 524
309 524
395 524
523 525
6 526
146 526
20 527
29 527
46 527
81 527
86 527
97 527
98 527
115 527
155 527
172 527
185 527
226 527
252 527
266 527
287 527
309 527
315 527
318 527
333 527
339 527
359 527
363 527
374 527
392 527
410 527
493 527
522 527
38 528
341 528
438 528
325 529
11 530
380 530
332 531
408 532
64 533
99 533
236 533
393 533
136 534
92 535
135 535
205 535
344 535
441 535
201 536
319 536
486 536
209 537
430 537
3 538
6 538
10 538
12 538
18 538
20 538
27 538
28 538
29 538
30 538
40 538
41 538
67 539
31 540
355 541
341 542
332 543
382 543
81 544
473 544
179 545
337 545
3 546
28 546
47 546
56 546
68 546
78 546
90 546
135 546
140 546
141 546
170 546
192 546
200 546
274 546
287 546
294 546
306 546
307 546
321 546
340 546
354 546
356 546
357 546
380 546
432 546
464 546
480 546
486 546
520 546
541 546
123 547
136 547
138 547
174 547
277 547
335 547
394 547
457 547
519 547
101 548
168 548
208 548
293 548
122 549
190 549
290 549
331 549
525 549
489 550
16 551
253 551
270 551
309 551
314 551
243 552
278 552
353 552
406 552
491 553
24 554
234 555
339 555
199 556
